MR	p_mu	mean_mu	var_mu	max_loglikelihood
0.013	1.900618130261583e-05	4.822558403175946e-05	3.339915264e-14	-15192.478459989628
0.02	8.264152856494702e-06	7.617893285416284e-05	3.339915264e-14	-76456.95444531733
0.03	3.672904645022422e-05	0.00011744277995613621	3.339915264e-14	-80944.534436452
0.041	1.918887888291286e-06	0.00014991036122068022	3.3410413760349706e-14	-65517.216775509514
0.051	0.00022474968159051317	0.00018570142277127185	3.339915264e-14	-66247.49631598654
0.062	0.00030564870064200757	0.00021365214478389204	3.339915264e-14	-73543.31727135525
0.073	0.0004297078778587466	0.00024273726775259633	3.339915264e-14	-79202.32988480452
0.083	0.00023018042112557543	0.00026752909183152775	3.339915264e-14	-82962.590733726
0.094	0.00036347394258182055	0.0002958908927340026	3.339915264e-14	-90147.5996019073
0.105	0.00017056524589054818	0.0003307625068621506	3.339915264e-14	-93075.08177155422
0.117	0.0	0.00035814759964343697	3.339915264e-14	-89319.14153267433
0.128	5.263712171746127e-05	0.00038673717822962036	3.339915264e-14	-85154.61503198024
0.139	0.00017935380994043171	0.00041623227986665486	3.339915264e-14	-77693.8153542611
0.151	0.0002288277152752775	0.0004442406505395613	3.907027929695043e-14	-65637.59239829761
0.163	0.00016450280354494715	0.00047845924450145465	1.4900790356270995e-07	-54027.38399921842
0.174	0.00012453648908757693	0.0005082661194865158	2.62256125240517e-07	-42715.71680533457
0.186	0.00010158807619204244	0.000561063153021281	5.903317178774184e-07	-34189.35088715309
0.198	0.00011275611165353583	0.0005882250455976278	3.709696106112675e-14	-25722.374075739124
0.211	0.0	0.0006455640446582714	3.339915264e-14	-20365.06388081364
0.223	0.00011928967349545601	0.0006701182040326812	3.3399152639999996e-14	-15973.3737980035
0.236	0.0001988717099157708	0.000707023531137394	3.339915264e-14	-12969.532418195542
0.248	0.00020388169726697657	0.0007762212544966939	3.339915264e-14	-11554.391661644278
0.261	0.0002580584279930872	0.0008507863009087289	3.339915264e-14	-9120.915127958791
0.274	0.0010994128760881535	0.0008828575208234257	3.3399152639999996e-14	-7909.066282384487
0.288	0.00025943740052726083	0.0008994205495071631	3.3402465989005967e-14	-6548.032028189279
0.301	0.00014643373093729142	0.0009641423349132695	3.3399152639999996e-14	-5526.4160354885225
0.315	7.877542558882815e-05	0.0009373976618683854	3.3399152639999996e-14	-4701.547850811014
0.329	0.00021328392655252815	0.0009090426666368988	3.339915264e-14	-3867.0123818505645
0.342	0.00012975263271538807	0.0010563137780958479	3.339915264e-14	-4721.894181123171
0.357	0.00012059532862175533	0.0011129931916404752	3.339915264e-14	-3846.543736751437
0.371	0.0003740007516993141	0.0011612825847145943	3.339915264e-14	-3780.92183732305
0.386	0.00016023314210165192	0.0011395694740975843	3.3399152639999996e-14	-2490.1906802015283
0.4	0.00020430150364105523	0.001162924041155343	3.339915264e-14	-2489.820850939944
0.416	0.00026032741439120546	0.0013791408110165656	3.33991581694567e-14	-2091.7170266445664
0.431	0.0001265064486218361	0.0012697678263270886	8.740013108914473e-07	-2114.7402618111505
0.446	0.00012837611976872625	0.0013079964186878809	7.007635136454354e-07	-1743.6660811687414
0.462	0.0001829026138150559	0.0015597263904909102	3.339915264e-14	-1756.0121185217092
0.478	0.000191064403089068	0.001366634381789784	3.3399152639999996e-14	-2249.6767316379824
0.494	0.0002005929149081586	0.0013645672760859776	3.339915264e-14	-1364.0092818502112
0.511	5.144928666071279e-07	0.001775443239534447	3.938084006854729e-06	-1117.4537867707513
0.528	0.00013405271783941222	0.001510092826808447	9.845539299901154e-07	-1093.7721226073636
0.545	0.0007573988071790039	0.0018640739188436248	1.1364996860068831e-05	-1159.9394925969323
0.562	0.0001262932485460014	0.0016034250695537641	2.2825338823739555e-07	-798.1838543178757
0.58	7.04529154756973e-05	0.0020540339387067376	5.683298178302408e-06	-1004.8672874379863
0.598	8.234005233085639e-06	0.0024211639813456684	3.339915264e-14	-840.3885726489661
0.616	1.1580645345786263e-06	0.002389711735718037	1.651851301298289e-05	-745.4977611549583
0.635	0.0	0.001936877131347722	3.3399152639999996e-14	-630.3252870800676
0.654	6.637713769869138e-05	0.001988952240303728	3.4847518214965617e-06	-694.1463518530944
0.673	2.4027406866873823e-05	0.0024176926946687565	1.668147952596396e-05	-644.0468585000206
0.693	0.0	0.00234433915692742	1.8287084159928866e-05	-575.5340564263831
0.713	0.0	0.0022922320666184676	1.1694029827059676e-05	-673.3939629091565
0.734	0.0	0.002528406222633122	1.0908018541599487e-05	-664.2600449311237
0.755	0.00033386369465189904	0.0025007599564689552	3.339915264e-14	-637.889136205086
0.777	0.0003079945874202983	0.0025803245958473903	3.339915264e-14	-637.9930556037828
0.799	0.00010860980065745119	0.0025418716418342457	3.339915264e-14	-601.1358846552624
0.821	9.327183367377564e-05	0.0027343271061008897	2.5597575036617675e-06	-596.0566203943679
0.844	0.0	0.0026822780817409983	1.7912823328643354e-05	-726.8090196467072
0.868	0.0001653210593585451	0.0025633670898893607	3.339915264e-14	-960.435484713263
0.892	0.00010572707141420245	0.002432837515152838	3.339915264e-14	-489.2963424016797
0.916	0.00020426157290752043	0.002991584702309158	3.339915264e-14	-866.674908742616
0.942	0.00014880219325164593	0.0024368855511947736	3.339915264e-14	-682.095603894034
0.968	0.000398781554571083	0.0032660699617216554	3.3399152639999996e-14	-809.7966697434338
0.994	0.00021679131975679415	0.002918127746227076	3.3399152639999996e-14	-1200.3184605703939
1.022	0.00013555137270122714	0.0031349899978059107	3.339915264e-14	-1009.2029952360084
1.05	1.9522889864574036e-05	0.0034695390296694416	6.545057857156826e-06	-1073.8649665710343
1.079	0.00025165895512767203	0.00286711217945532	3.339915264e-14	-1402.2476849047193
1.109	0.00010469389830802792	0.0028424198919967843	3.3399152639999996e-14	-1442.3584134636433
1.139	0.00016088149994444232	0.0029341785752866386	3.3399152639999996e-14	-1507.3113813630482
1.171	0.00018978341986538845	0.003041158256696763	3.339915264e-14	-1229.5460526019478
1.204	0.00015934289345456322	0.0030906089884350793	3.339915264e-14	-2394.827784549254
1.238	0.00012340379774205168	0.0033462640771946255	9.007366997138789e-07	-2614.126993536918
1.273	4.522442722976273e-05	0.003779363983161196	1.888051977305258e-05	-3731.6074208664845
1.309	0.0001091581871024424	0.003777782237889603	3.099886265422462e-06	-3411.7562006598882
1.347	9.109521370260915e-05	0.0038409086971232286	7.3640264787000726e-06	-4427.652538439843
1.386	5.826000816596489e-05	0.003921405252333346	1.0888888902172035e-05	-4821.44057363517
1.427	0.00017117275517270072	0.003879757320979873	3.3399152639999996e-14	-4639.222117753412
1.47	0.00016341333055933403	0.003656061502900012	2.8057579335949742e-06	-6944.310446431757
1.514	0.00010834667404042727	0.004223254075628627	1.976136431540027e-06	-7172.013927222692
1.561	0.00010800235549610472	0.004428069330995762	8.695345444795928e-06	-8401.841122760796
1.609	0.00011281913620329001	0.004539169981907328	6.815045059398053e-06	-12448.062190056024
1.661	9.237568132947454e-05	0.004414489013948985	7.397912749222661e-06	-12201.437346669596
1.715	7.590772235395872e-05	0.004676486655841225	9.548370412477194e-06	-16307.176787390978
1.772	7.616495954271957e-05	0.004815626215836233	7.4310844521958304e-06	-16766.36822597897
1.833	8.07474570955138e-05	0.005029905035656542	8.464912107425894e-06	-19691.48324898753
1.897	7.686754592513436e-05	0.005188323231112389	9.58266502301475e-06	-22048.37727397128
1.966	9.369994671783568e-05	0.005324410109652429	8.664209111606717e-06	-25269.27093745666
2.04	0.00012815600464453788	0.005484814099422855	4.227259733551357e-06	-28606.595686080906
2.12	8.257292588702584e-05	0.005653405575812415	1.0255197199143231e-05	-33812.30627399457
2.207	6.847982099554553e-05	0.005936357646821647	1.5244225419575296e-05	-29614.749833602153
2.303	0.00011483691792293452	0.005874047540581816	6.7813764081771645e-06	-30815.323345926598
2.408	0.00016334175142775683	0.006269070420532359	3.3399152639999996e-14	-30670.01066343529
2.526	0.00010097718159874524	0.006597567626139211	9.761670756519343e-06	-23846.477869450562
2.659	9.89989546003762e-05	0.007002243631413656	1.232056009197826e-05	-23605.009101531134
2.813	7.808383005621475e-05	0.007582319448648213	1.9618935109789255e-05	-18295.849036880576
2.996	0.00010514675854345704	0.007935002877995447	2.2653474270939373e-05	-9033.597636938124
3.219	2.484164877602619e-05	0.007524360895831363	2.2200703581469908e-05	-2882.0009340169454
3.507	7.091230034780095e-05	0.010471858342572353	3.339915264e-14	-784.6344546609722
3.912	0.0020176781814059547	0.00752974667969232	3.3399152639999996e-14	-122.65525596860866
