MR	p_mu	mean_mu	var_mu	max_loglikelihood
0.013	0.00017250809527797332	4.2463820801792734e-05	3.339915264e-14	-34110.45015106398
0.02	0.00011265248159355925	6.62288651721592e-05	3.3399152639999996e-14	-169314.78891354325
0.03	0.0002908743290379453	9.698347650627495e-05	3.339915264e-14	-169997.0760773095
0.041	0.0001921561710457295	0.00013406674577457863	3.339915264e-14	-145738.39027861378
0.051	0.00015054867831345708	0.0001706304019218911	3.339915264e-14	-146946.31819898143
0.062	0.0	0.00021018051950063882	3.339915264e-14	-173931.2665080814
0.073	0.0002523408093942173	0.0002459861617604335	3.339915264e-14	-189533.764239072
0.083	0.00030463306909405037	0.00028383754555654536	3.339915264e-14	-205596.5320724552
0.094	5.7867289354880666e-05	0.0003243707215888306	3.3399152639999996e-14	-227457.4311810978
0.105	0.0	0.0003572382238807678	3.339915264e-14	-233766.64784658854
0.117	0.0	0.0003905802713171173	3.339915264e-14	-224932.63083159897
0.128	0.0	0.0004292406737482486	3.3399152639999996e-14	-216791.54961779786
0.139	0.00011052537937197865	0.0004666391573331991	3.3399152639999996e-14	-199647.7368422891
0.151	0.00012968521802919004	0.0005025611867295897	3.339915264e-14	-167097.74944291555
0.163	0.00010324404172041098	0.0005408447326341565	3.339915264e-14	-137078.7461930526
0.174	0.0001751286095405953	0.0005797478239968183	1.6692809648766865e-08	-109595.92053011102
0.186	0.00010341695815073647	0.000617141007653589	3.339915264e-14	-84569.6749731787
0.198	7.174237322853813e-05	0.0006667530249752289	1.1179003691385484e-07	-64310.95093236306
0.211	0.00015749608797253412	0.000709785180399519	3.339915264e-14	-50558.656545105325
0.223	6.703496918449963e-05	0.0007557633022302401	9.245439184690153e-08	-40092.032124636884
0.236	9.106542106561358e-05	0.0008006154523219482	7.582018135088678e-08	-33116.18667824134
0.248	4.581766140945829e-05	0.0008245860003515551	3.339915264e-14	-27487.939706581514
0.261	0.00011195790400433055	0.0008636773967308267	3.339915264e-14	-21130.383987047393
0.274	6.3585665380874e-05	0.0009310024622422138	3.339915264e-14	-18546.243071321092
0.288	4.451766488713052e-05	0.000973998863274303	3.339915264013078e-14	-15517.365009641851
0.301	5.268638349362064e-05	0.0010191200405278934	3.3399152639999996e-14	-13174.292666971765
0.315	7.206834726104186e-05	0.0010723238097262676	2.1557079101222748e-07	-11914.282782143027
0.329	0.00010154480378080881	0.0011545094656530749	7.829122529970469e-07	-10271.566279108085
0.342	0.0005855455122874224	0.0011006189945345286	3.3399152639999996e-14	-10876.34363509981
0.357	0.00019311644364483534	0.0011820903673022533	2.568547270669948e-07	-9015.535861222012
0.371	0.0002158431398286048	0.0011932971909984118	3.339915264e-14	-8660.777950505826
0.386	7.278593497037642e-05	0.001351645745288873	7.995075325966761e-07	-6241.6916950626
0.4	0.00020661602973248442	0.0013387947134795766	3.339915264e-14	-6239.922286763313
0.416	9.303741990711133e-05	0.0014267910745930472	1.5897158807415582e-07	-4793.150845340152
0.431	0.00021993248367078186	0.001404556060847142	3.3399152640000015e-14	-5022.821719155047
0.446	0.00019859370917202875	0.0014472043028335513	2.2598894064150108e-07	-4194.358158580646
0.462	0.00010640351676679089	0.001564216810662517	1.1041853952510508e-06	-3735.1577144146163
0.478	6.650421968445269e-05	0.0015476982447469355	3.3399152639999996e-14	-5366.243396214832
0.494	9.655347613748137e-05	0.0014769588288451414	4.207759235421705e-14	-3226.2510778120895
0.511	0.00014349022475342081	0.001613321217591375	5.984868995098576e-07	-2282.8211876812475
0.528	8.268273223481409e-05	0.0018357278906531544	1.245849499618326e-06	-2636.562610649173
0.545	0.00010065491295261939	0.0018435996514248863	6.667739157320178e-07	-2470.92481119232
0.562	9.380486804050604e-06	0.0019390465884676035	4.905338737278879e-06	-1811.8861909360776
0.58	6.180519065451759e-05	0.0021928504651556923	3.927107367693253e-06	-2160.932480965881
0.598	0.0006835455868813157	0.0027153455687205317	2.371865704727983e-05	-1718.1089500155483
0.616	9.474767035476732e-05	0.002194129886234672	2.9387551162084437e-06	-1499.1431317207391
0.635	5.023052237374868e-05	0.002545101905196948	7.375421281942759e-06	-1505.468111235885
0.654	0.00021259474993490758	0.002135499592967227	3.339915264e-14	-1580.5805178145824
0.673	0.0	0.0025878540465352987	7.246746201197153e-06	-1447.7291729724702
0.693	1.5047387603173451e-07	0.0023666892895051494	4.802148598378783e-06	-1229.602816109495
0.713	0.0	0.0025538043498885424	8.174572551768881e-06	-1464.0454718235314
0.734	5.2469996263851935e-05	0.0026616794410130786	4.045125245699924e-06	-1422.2047343312775
0.755	0.0	0.002738371733835615	1.270276542805959e-05	-1268.0583852471777
0.777	0.0	0.0030260055106129348	8.399276122635885e-06	-1500.2943777082473
0.799	0.0002895278636173668	0.002793687240808414	3.339915264e-14	-1310.7885756256933
0.821	7.318905614646859e-06	0.0028925398780938394	5.210967340865829e-06	-1263.7802804075143
0.844	6.745663095450395e-07	0.002606940985360214	5.686447702890596e-06	-1502.8082015750713
0.868	0.0003102196585677327	0.0030136173752123414	9.691989378455952e-06	-2182.222069741843
0.892	3.459978786142024e-05	0.0029353604241061718	4.566999447899343e-06	-1097.6427930533362
0.916	0.0	0.0030459298077278596	8.025436839831176e-06	-1766.4792557613785
0.942	3.4853180423066e-05	0.0031714991627470055	4.800738599958467e-06	-1754.7780010351169
0.968	1.962995019756886e-05	0.003273443025538011	8.106912288616497e-06	-1691.3025319514072
0.994	9.202985342482206e-05	0.0034364934789934366	3.7817171228420103e-06	-2763.094957610708
1.022	1.384231568489295e-05	0.003584983339843732	6.089346561536079e-06	-2146.3326262676837
1.05	0.0	0.0036516240863944845	5.8700547332558835e-06	-2200.212165102816
1.079	0.0	0.0034704187049596066	9.241312915284792e-06	-3296.302629945022
1.109	3.086045330336767e-07	0.003451782343762826	8.194391326243877e-06	-3404.401733565301
1.139	7.907407249343283e-05	0.0038161025966927465	4.9594962421652284e-06	-3527.3480901026824
1.171	0.0	0.004318326674641225	1.5932723522197127e-05	-2907.995460939098
1.204	0.00014097573450863853	0.003105116801408344	2.3282271486000168e-06	-4905.621693976545
1.238	0.00011744361832243131	0.004056317897677967	8.11100992844892e-06	-5761.69219612263
1.273	0.00013131692043901315	0.00406131921574303	1.7296949479574697e-06	-7944.3347908937485
1.309	9.059452076361072e-05	0.004105532539132078	4.725025205875305e-06	-7157.821647159409
1.347	0.00019816596154324535	0.00425341991687858	1.6768460378203084e-06	-9584.290939107641
1.386	0.00011794175551582896	0.004554693290913382	3.105690128061235e-06	-10412.497861118054
1.427	0.0001947299482899614	0.00444263964815565	3.339915264e-14	-10060.940692189415
1.47	9.479292739169673e-05	0.0043184886054166375	5.310129158407004e-06	-15531.111023635001
1.514	0.00013854528045016486	0.005005923194765043	3.0944121794519715e-06	-15396.218845631052
1.561	8.783243130763981e-05	0.0053981374372714195	4.941751283115462e-06	-18278.17983518922
1.609	0.00019334649848175978	0.0051323517978850135	3.3399152639999996e-14	-26148.695948787128
1.661	0.00016823256945743264	0.005216947976806801	2.0198684857646834e-06	-26486.55191300493
1.715	0.00020071684014557202	0.005524459862679184	7.092433631343547e-07	-34972.73127925629
1.772	0.034571330362162325	0.005864174120906698	3.3405111323107515e-14	-36464.97802426968
1.833	0.08601483967540363	0.006420919883624386	3.339915264e-14	-41527.890410670734
1.897	0.0002551776182836157	0.005922496540254077	5.605741546415553e-07	-46005.63827301477
1.966	0.00017900274668192087	0.006180598943904844	3.339915264e-14	-53032.07443865661
2.04	0.00020947793860906066	0.006312142264549601	3.339916441497326e-14	-59530.62512773688
2.12	0.00014520151124083013	0.006558509672666965	3.339915264e-14	-70357.07949921068
2.207	0.00019017122479802627	0.006787547519631882	7.426712150184721e-07	-60161.54504081037
2.303	3.6974293443787426e-05	0.00698437400853164	3.339915264e-14	-64050.336163470885
2.408	0.00012281570759990312	0.007468888964076922	3.3706708688300766e-06	-62103.22154544496
2.526	0.00024910864905339203	0.007794053109167325	3.3399152639999996e-14	-48329.82258195138
2.659	0.0002125767873595302	0.00825639344507519	2.18498461603959e-06	-47589.12214687097
2.813	0.02993389089621766	0.00883455923970233	3.4168856443061177e-14	-35668.39132271279
2.996	9.98012148526539e-05	0.009101396908776982	7.371908243512685e-06	-17639.38318148046
3.219	0.00014700202544423068	0.00937403151570914	3.339915264e-14	-5685.900009996051
3.507	0.0001082483102571896	0.010889485030592175	8.427075606848862e-06	-1465.3306416657392
3.912	0.00042513664219180993	0.014208597199581782	0.00010759726427471238	-294.3100993885353
