MR	p_mu	mean_mu	var_mu	max_loglikelihood
0.013	0.00017087578556769652	4.327513675383669e-05	3.339915264e-14	-35776.409154222194
0.02	2.16010843053645e-05	6.691564235596824e-05	7.954095541230756e-13	-177374.26931071008
0.03	1.9573320788611248e-05	0.00010048524465220866	3.339915264e-14	-181866.5109191436
0.041	4.8353114193945565e-06	0.00013629216125598848	3.339915264e-14	-153021.28940811122
0.051	0.00016639908764779082	0.00017244618808446012	3.3399152639999996e-14	-154083.48998503957
0.062	0.0	0.00021005240467222345	6.873218698318519e-09	-180286.5851221283
0.073	3.8337658881326366e-05	0.0002463333442472949	3.3399152639999996e-14	-196874.23680903064
0.083	0.00016431971473291742	0.00028377305541292216	3.339915264e-14	-213748.56171622404
0.094	0.00017923148726500533	0.0003245455139727055	3.339915264e-14	-236658.3994968706
0.105	0.00019944669093212872	0.0003595505574608696	3.3399152639999996e-14	-242531.27111272342
0.117	2.3628945944173643e-05	0.00039517972593671716	3.339915264e-14	-235601.9700432877
0.128	0.00011292089055083107	0.0004294866315522342	3.3399152639999996e-14	-225592.1043494604
0.139	0.00012242633964435439	0.00046604343270768584	3.339915264e-14	-206438.60758890986
0.151	0.00017085661234651133	0.0005062343723823106	9.08476505599425e-09	-174465.5163814035
0.163	6.0913834172578415e-05	0.0005470830168540534	5.220513934158771e-08	-142866.83135729635
0.174	0.00020753011777652382	0.0005807722646636465	3.339915264e-14	-113341.72731956352
0.186	0.0001966445708607561	0.0006211029376982703	3.3399152639999996e-14	-87991.25447623561
0.198	0.00012223372631333035	0.0006791627247692224	1.2178407351794617e-07	-68077.30576478956
0.211	0.00013111615369003528	0.0007014821734435858	3.339915264e-14	-52253.64007945838
0.223	7.37922400766247e-05	0.0007628375456817542	8.360819208307387e-08	-41787.210533550315
0.236	7.971275642647927e-05	0.0007997580447396371	2.75594565811618e-08	-34317.74169675957
0.248	0.00012979780680249375	0.0008541491291651476	2.2041939012719613e-07	-28920.341881955304
0.261	0.00010242903756229769	0.0008712051485404461	1.1000997598998956e-07	-22113.974630362158
0.274	0.000223467144561968	0.0009165676264006027	3.339915264e-14	-19082.496750370963
0.288	6.708013539256905e-05	0.0009848175486831963	3.339915264e-14	-16118.627664128759
0.301	0.00017969514497488069	0.001041671147578562	3.6295387646277373e-07	-13995.823580451965
0.315	9.572236559249564e-05	0.0010956703709340703	7.022235890060609e-07	-12528.285271339942
0.329	0.00010976344757436991	0.0011440448461730534	3.3435318848926084e-07	-10686.854666293582
0.342	0.00016297134487244525	0.001161885056238475	2.5844648001579365e-07	-11816.808275743459
0.357	9.206504567291888e-05	0.00125943701531249	4.690409242942818e-07	-9609.93209679967
0.371	8.773453111273862e-05	0.0012759130551691566	3.8893468172143714e-07	-9325.876121756146
0.386	0.00023791922959058446	0.0012491769298756418	3.339915264e-14	-6297.697673849931
0.4	9.793499828016392e-05	0.001421116516209219	9.82117177832371e-07	-6573.361832701294
0.416	5.9880885874631344e-05	0.001443939737541717	1.5803997074016156e-06	-4950.363521484462
0.431	9.330397645580977e-05	0.001555693236535424	8.912326391098631e-07	-5703.75976614875
0.446	0.00010708294475872748	0.001511647076766591	4.4715284735771703e-07	-4500.271531678727
0.462	5.234931064475247e-05	0.0015729207790233398	5.239221009226896e-07	-3954.0531589852385
0.478	0.00016255868226900923	0.0015892649303528093	4.457543862950122e-07	-5661.547879815285
0.494	0.0001316128793633327	0.001602983463024565	1.0204789929685574e-06	-3567.9699658723944
0.511	0.00010002825910903735	0.0017571563126914155	3.2063089194576027e-06	-2467.5931617303013
0.528	0.00020401629540161664	0.0018792158709315821	3.339915264e-14	-2791.0646149815534
0.545	0.0	0.001971442863655622	4.947220402171649e-06	-2644.910497011056
0.562	1.87697406592778e-05	0.001908952836900364	2.940436087232878e-06	-1940.315856905655
0.58	0.0001736772749062499	0.0022827183766520047	3.1921879450823412e-06	-2328.5413852645847
0.598	9.2351163598996e-08	0.0024246645757207896	7.301578199768883e-06	-1839.0571482788228
0.616	0.0	0.0021822162166641344	4.3478051147759735e-06	-1531.3913555951476
0.635	3.167817306518658e-05	0.0023567449450007105	6.658948831404438e-07	-1558.1491169376523
0.654	0.0	0.0025655598134263933	8.184222712531222e-06	-1807.7373969643827
0.673	8.227237733858933e-06	0.002751689049686282	8.665085855051881e-06	-1559.6156158389545
0.693	5.5729956358409e-06	0.002685989933976141	7.418729690272039e-06	-1411.9913523634027
0.713	0.00021611769531946394	0.002877803319705752	5.334642293076738e-06	-1677.1499233926268
0.734	8.680728385195615e-05	0.002638531068173527	1.3746569668303676e-07	-1496.880560003376
0.755	0.00017179749471178197	0.002373551496541389	3.3399152639999996e-14	-1345.5418353080006
0.777	8.132475242813966e-05	0.003173444471788846	1.1633212525249324e-05	-1536.4283820190576
0.799	9.169839768725458e-05	0.0030225261576846364	3.556558433595378e-06	-1511.868084593541
0.821	3.0588339842350705e-05	0.002726645078104913	5.435517589470244e-06	-1256.8871147723016
0.844	0.0001301845167684639	0.0027754595076320597	2.012284713419244e-06	-1582.9681785496593
0.868	0.0001193016549988884	0.0031589137436507497	1.3673019475458704e-05	-2258.9338384302937
0.892	0.0	0.0032663017267765704	7.467632921010321e-06	-1274.2684315343956
0.916	9.46761929287025e-05	0.0030712903546255554	2.804526080549974e-06	-1821.9682287184132
0.942	1.847927952114074e-05	0.0032483122001945603	5.178476502967109e-06	-1955.506880370128
0.968	0.00011084104070959805	0.002814764150931788	2.4033771359021463e-06	-1657.1103644089221
0.994	6.006471610547315e-06	0.0033912229493960207	6.1852400838604494e-06	-2861.305955627544
1.022	1.0146447746824162e-05	0.003964570880783795	1.4489903730051976e-05	-2344.063129161941
1.05	3.9332855402031565e-05	0.003748558800840428	1.1998365355399398e-05	-2316.9346179564172
1.079	8.54730170740914e-05	0.0035391180769805027	6.22164589565319e-06	-3642.252910182008
1.109	0.0	0.0035993119150751623	1.0841117489129215e-05	-3693.114374326497
1.139	0.0	0.004275104411198985	1.3917216052801466e-05	-3984.2332910291602
1.171	6.791699544560013e-06	0.004181064212346053	8.231318122652135e-06	-3059.1287194116935
1.204	0.00010799982469832578	0.003078829339652361	3.460410400192543e-06	-4954.443393699721
1.238	6.676017519328172e-05	0.003839843461861325	6.363616916993234e-06	-5815.707593760293
1.273	7.469829586933472e-05	0.004193004987117001	5.7918006310640455e-06	-8342.827066340069
1.309	6.871339510531688e-05	0.00415092574802111	6.715641328517501e-06	-7424.797575055138
1.347	5.253667694235691e-05	0.0044792613959486706	6.813054700811503e-06	-10141.691583633063
1.386	5.6753122743155616e-05	0.004625091227390949	6.499457494672669e-06	-10822.498924011115
1.427	0.00010025779716044478	0.004818528906793688	3.853013383861128e-06	-10839.329103234533
1.47	0.0001142596845047852	0.004375818728025816	3.9153054729705684e-06	-16198.17328676521
1.514	0.00016799248119219774	0.004982546820239994	1.4682728745735201e-06	-15961.60119148047
1.561	0.00011512466092914476	0.0053834841174936745	3.4531647244140235e-06	-19212.778821179436
1.609	0.0001983736414332402	0.005187430657597304	3.339915264e-14	-27405.934458949687
1.661	0.00015885776509416217	0.005443808659168492	2.1621975344007177e-06	-28155.443512795187
1.715	0.00013630684516792864	0.00575088963187131	3.350585570690485e-06	-37015.31540313677
1.772	0.000272503439916295	0.005707191806313823	2.0998073579792456e-06	-38182.097137741526
1.833	0.021058960670953718	0.006067955226139458	3.3399152639999996e-14	-44008.77659530764
1.897	5.907917875182135e-05	0.006150519056072843	3.309095740959538e-06	-48662.42809683694
1.966	0.00021130905229071006	0.006313664236047947	1.9023360085411716e-06	-55926.39028749251
2.04	0.059993775161027225	0.006980697600646536	3.339915264e-14	-62774.456496706174
2.12	0.0658850569430243	0.007277629263462027	3.768325227233419e-14	-74114.87778897831
2.207	0.00016605279629352035	0.006944807897932219	8.367954093982016e-07	-63203.16083951156
2.303	0.03598501291581124	0.0074584423393020145	3.3399152639999996e-14	-67569.60362171769
2.408	0.042479254781137614	0.007921225180592809	3.339915264e-14	-64973.720950858435
2.526	0.026205635691353812	0.00818336568945675	3.339915264e-14	-50751.58643537454
2.659	0.00015918338409254095	0.008376118816148513	4.014101262134026e-06	-49970.453862954615
2.813	6.940945001528343e-05	0.00872629180063843	4.711872282869372e-06	-37528.16096235825
2.996	7.753313916761647e-05	0.009348680813124118	8.270872366878522e-06	-18557.41783753077
3.219	0.00019398569620637094	0.010045285746543944	3.7705688674304014e-06	-6192.228380505002
3.507	1.1951255758768031e-06	0.011923136049157658	3.188609162711636e-05	-1612.3614891638367
3.912	0.0	0.012509467156932012	6.973392425164372e-05	-324.529449083842
